1 1.381533e+07
1.414214e+00 2.912672e+07
1.732051e+00 3.199837e+07
2.000000e+00 8.152232e+06
2.236068e+00 2.413063e+07
2.449490e+00 2.932792e+07
2.828427e+00 2.532876e+07
3.000000e+00 2.233883e+07
3.228426e+00 2.475856e+07
3.464102e+00 1.609902e+07
3.687215e+00 2.739968e+07
4.104453e+00 2.659696e+07
4.286237e+00 2.583688e+07
4.573480e+00 1.901238e+07
4.963265e+00 1.666041e+07
5.126771e+00 1.977522e+07
5.419686e+00 1.793828e+07
5.814011e+00 1.349224e+07
6.104972e+00 1.507255e+07
6.448116e+00 1.493110e+07
6.905020e+00 1.292270e+07
7.304622e+00 1.490964e+07
7.743488e+00 1.201402e+07
8.190383e+00 1.177000e+07
8.659590e+00 1.124057e+07
9.206505e+00 1.097409e+07
9.722050e+00 1.075974e+07
1.025835e+01 9.590274e+06
1.090179e+01 9.116472e+06
1.155289e+01 7.757100e+06
1.225911e+01 7.841140e+06
1.295749e+01 7.032011e+06
1.370754e+01 6.202690e+06
1.452401e+01 6.130762e+06
1.542324e+01 5.499051e+06
1.635284e+01 4.772535e+06
1.730042e+01 4.543118e+06
1.832400e+01 4.350370e+06
1.941702e+01 4.087002e+06
2.057011e+01 3.790770e+06
2.178534e+01 3.465928e+06
2.306564e+01 3.213213e+06
2.443747e+01 2.946246e+06
2.588847e+01 2.647427e+06
2.741991e+01 2.466236e+06
2.904371e+01 2.248510e+06
3.075160e+01 2.068322e+06
3.257711e+01 1.898371e+06
3.450960e+01 1.785648e+06
3.654627e+01 1.607971e+06
3.870294e+01 1.453725e+06
4.100067e+01 1.360397e+06
4.344324e+01 1.257622e+06
4.601551e+01 1.161414e+06
4.873750e+01 1.090419e+06
5.157937e+01 9.661722e+05
5.463848e+01 8.464099e+05
5.787065e+01 7.676198e+05
6.127591e+01 7.376361e+05
6.487578e+01 7.081065e+05
6.863782e+01 6.955034e+05
7.262418e+01 6.562591e+05
7.685385e+01 6.545951e+05
8.112292e+01 6.779626e+05
8.478540e+01 6.401789e+05
