1 6.168159e+08
1.414213e+00 4.669571e+08
1.732051e+00 2.648773e+08
2.000000e+00 1.694665e+08
2.236068e+00 1.539648e+08
2.449490e+00 1.233300e+08
2.828427e+00 4.671385e+07
3.000000e+00 4.805733e+07
3.228427e+00 5.994726e+07
3.464102e+00 1.432579e+07
3.687215e+00 3.801689e+07
4.104454e+00 3.570129e+07
4.286237e+00 2.725772e+07
4.573482e+00 2.664482e+07
4.963266e+00 2.229037e+07
5.126771e+00 2.653293e+07
5.419687e+00 2.195191e+07
5.814013e+00 1.571889e+07
6.104977e+00 1.942981e+07
6.448117e+00 1.772471e+07
6.905017e+00 1.485291e+07
7.304621e+00 1.574749e+07
7.743489e+00 1.250810e+07
8.190380e+00 1.265272e+07
8.659590e+00 1.237603e+07
9.206513e+00 1.210566e+07
9.722038e+00 1.159682e+07
1.025834e+01 1.043455e+07
1.090180e+01 1.008228e+07
1.155291e+01 8.521480e+06
1.225909e+01 8.283176e+06
1.295750e+01 7.554444e+06
1.370758e+01 6.743568e+06
1.452402e+01 6.546548e+06
1.542321e+01 5.840200e+06
1.635284e+01 5.043662e+06
1.730052e+01 4.786960e+06
1.832401e+01 4.535377e+06
1.941712e+01 4.235934e+06
2.057012e+01 4.004427e+06
2.178534e+01 3.547623e+06
2.306572e+01 3.279418e+06
2.443756e+01 2.952599e+06
2.588827e+01 2.651480e+06
2.741993e+01 2.416943e+06
2.904346e+01 2.174394e+06
3.075187e+01 1.993595e+06
3.257590e+01 1.811252e+06
3.450962e+01 1.643258e+06
3.654622e+01 1.503167e+06
3.870262e+01 1.367533e+06
4.100129e+01 1.256490e+06
4.344331e+01 1.148960e+06
4.601546e+01 1.065764e+06
4.873336e+01 9.915624e+05
5.158044e+01 9.173526e+05
5.463778e+01 8.378954e+05
5.787044e+01 7.725564e+05
6.127630e+01 7.227616e+05
6.487592e+01 6.858109e+05
6.863809e+01 6.241039e+05
7.262408e+01 5.782176e+05
7.685413e+01 5.452713e+05
8.112302e+01 5.111290e+05
8.478539e+01 4.827702e+05
