1 2.205602e+11
1.414213e+00 4.588249e+11
1.732051e+00 5.131733e+11
2.000000e+00 1.313608e+11
2.236068e+00 3.855755e+11
2.449490e+00 4.673542e+11
2.828427e+00 4.029055e+11
3.078680e+00 3.941921e+11
3.353494e+00 3.112096e+11
3.687215e+00 4.302133e+11
4.000000e+00 1.232248e+11
4.210111e+00 4.423568e+11
4.573482e+00 2.985676e+11
5.037653e+00 3.120587e+11
5.374981e+00 2.833405e+11
5.814013e+00 2.163749e+11
6.243792e+00 2.539128e+11
6.660710e+00 2.113371e+11
7.217091e+00 2.265926e+11
7.880484e+00 1.923920e+11
8.514158e+00 1.891238e+11
9.227566e+00 1.836136e+11
9.951516e+00 1.627840e+11
1.070374e+01 1.550604e+11
1.153451e+01 1.313468e+11
1.246090e+01 1.271002e+11
1.348966e+01 1.098192e+11
1.458958e+01 1.022355e+11
1.576691e+01 8.834601e+10
1.703307e+01 7.778559e+10
1.843382e+01 7.478568e+10
1.994902e+01 6.785921e+10
2.154861e+01 6.210630e+10
2.327978e+01 5.488826e+10
2.516597e+01 4.832616e+10
2.718924e+01 4.349639e+10
2.938964e+01 3.882068e+10
3.177139e+01 3.462986e+10
3.434854e+01 3.128132e+10
3.713019e+01 2.796934e+10
4.010863e+01 2.505197e+10
4.334388e+01 2.239690e+10
4.684657e+01 1.989305e+10
5.063728e+01 1.782741e+10
5.472753e+01 1.594794e+10
5.914605e+01 1.410527e+10
6.392752e+01 1.273038e+10
6.909253e+01 1.120019e+10
7.467216e+01 9.904454e+09
8.071898e+01 8.695684e+09
8.722097e+01 7.581981e+09
9.427895e+01 6.552765e+09
1.018993e+02 5.638710e+09
1.101060e+02 4.764324e+09
1.189394e+02 3.957130e+09
1.287522e+02 3.233775e+09
1.395359e+02 2.580462e+09
1.497652e+02 2.008035e+09
1.613286e+02 1.509225e+09
1.752752e+02 1.093234e+09
1.910499e+02 7.571779e+08
1.993802e+02 4.981397e+08
2.220239e+02 3.102893e+08
2.503083e+02 1.853212e+08
2.562973e+02 1.066312e+08
2.643932e+02 5.352249e+07
2.845742e+02 2.456990e+07
3.296391e+02 1.043773e+07
3.487063e+02 4.193729e+06
3.790802e+02 1.354997e+06
4.052159e+02 4.789613e+05
4.294380e+02 2.552670e+05
