1 1.408480e+07
1.414213e+00 2.923279e+07
1.732051e+00 3.262622e+07
2.000000e+00 8.360648e+06
2.236068e+00 2.447868e+07
2.449490e+00 2.956811e+07
2.828427e+00 2.539251e+07
3.000000e+00 2.228891e+07
3.228427e+00 2.476943e+07
3.464102e+00 1.560854e+07
3.687215e+00 2.689622e+07
4.104454e+00 2.616971e+07
4.286237e+00 2.591365e+07
4.573482e+00 1.846905e+07
4.963266e+00 1.659228e+07
5.126771e+00 1.967855e+07
5.419687e+00 1.783378e+07
5.814013e+00 1.306483e+07
6.104977e+00 1.482406e+07
6.448117e+00 1.433050e+07
6.905017e+00 1.243154e+07
7.304621e+00 1.408102e+07
7.743489e+00 1.135320e+07
8.190380e+00 1.109647e+07
8.659590e+00 1.036875e+07
9.206513e+00 1.001469e+07
9.722038e+00 9.802726e+06
1.025834e+01 8.643325e+06
1.090180e+01 8.070053e+06
1.155291e+01 6.791708e+06
1.225909e+01 6.660900e+06
1.295750e+01 5.869301e+06
1.370758e+01 5.017464e+06
1.452402e+01 4.780249e+06
1.542321e+01 4.147164e+06
1.635284e+01 3.429963e+06
1.730052e+01 3.120474e+06
1.832401e+01 2.839231e+06
1.941712e+01 2.525290e+06
2.057012e+01 2.203976e+06
2.178534e+01 1.883558e+06
2.306572e+01 1.578195e+06
2.443756e+01 1.309263e+06
2.588827e+01 1.065932e+06
2.741993e+01 8.771611e+05
2.904346e+01 6.994405e+05
3.075187e+01 5.576830e+05
3.257590e+01 4.375501e+05
3.450962e+01 3.343828e+05
3.654622e+01 2.500528e+05
3.870262e+01 1.800628e+05
4.100129e+01 1.305852e+05
4.344331e+01 9.052316e+04
4.601546e+01 6.289354e+04
4.873336e+01 4.389103e+04
5.158044e+01 2.706481e+04
5.463778e+01 1.387661e+04
5.787044e+01 7.096301e+03
6.127630e+01 3.772916e+03
6.487592e+01 2.023125e+03
6.863809e+01 1.067588e+03
7.262408e+01 4.495056e+02
7.685413e+01 1.882647e+02
8.112302e+01 9.714578e+01
8.478539e+01 6.322589e+01
