1 9.027222e+08
1.414213e+00 1.877154e+09
1.732051e+00 2.098780e+09
2.000000e+00 5.375846e+08
2.236068e+00 1.576835e+09
2.449490e+00 1.909532e+09
2.828427e+00 1.645574e+09
3.000000e+00 1.444526e+09
3.162277e+00 1.786514e+09
3.353494e+00 1.270067e+09
3.687215e+00 1.753384e+09
4.000000e+00 5.039646e+08
4.172913e+00 1.909360e+09
4.496978e+00 1.226290e+09
4.794697e+00 1.020852e+09
5.092200e+00 1.301194e+09
5.419687e+00 1.183407e+09
5.814013e+00 8.755034e+08
6.146309e+00 9.836184e+08
6.572514e+00 9.386913e+08
7.131057e+00 8.955957e+08
7.512809e+00 8.964987e+08
8.068910e+00 7.427485e+08
8.631231e+00 7.459340e+08
9.251253e+00 7.356717e+08
9.884913e+00 6.550468e+08
1.051682e+01 6.220586e+08
1.126422e+01 5.359558e+08
1.204493e+01 5.155365e+08
1.284878e+01 4.706968e+08
1.369297e+01 4.054960e+08
1.461266e+01 3.915378e+08
1.562104e+01 3.402702e+08
1.670922e+01 2.974415e+08
1.785207e+01 2.827394e+08
1.905641e+01 2.603549e+08
2.037315e+01 2.382886e+08
2.176856e+01 2.143015e+08
2.324707e+01 1.887749e+08
2.484546e+01 1.670066e+08
2.656106e+01 1.437713e+08
2.839475e+01 1.288371e+08
3.033801e+01 1.132264e+08
3.240276e+01 9.906571e+07
3.462811e+01 8.636964e+07
3.699960e+01 7.455384e+07
3.952856e+01 6.378574e+07
4.223378e+01 5.405069e+07
4.512903e+01 4.535077e+07
4.821963e+01 3.783660e+07
5.152237e+01 3.091480e+07
5.504503e+01 2.516876e+07
5.881351e+01 1.985048e+07
6.283798e+01 1.562520e+07
6.712811e+01 1.192820e+07
7.173038e+01 8.842074e+06
7.664122e+01 6.394510e+06
8.189671e+01 4.483962e+06
8.751759e+01 3.038004e+06
9.349578e+01 2.022924e+06
9.984184e+01 1.337577e+06
1.065910e+02 7.675021e+05
1.138966e+02 4.110318e+05
1.216406e+02 2.112727e+05
1.298526e+02 1.048654e+05
1.384466e+02 5.070764e+04
1.477750e+02 2.018351e+04
1.574050e+02 8.158581e+03
1.662305e+02 4.188788e+03
