1 1.408919e+07
1.414213e+00 2.945597e+07
1.732051e+00 3.290576e+07
2.000000e+00 8.499645e+06
2.236068e+00 2.462311e+07
2.449490e+00 2.983686e+07
2.828427e+00 2.551678e+07
3.000000e+00 2.264413e+07
3.228427e+00 2.504174e+07
3.464102e+00 1.606173e+07
3.687215e+00 2.734336e+07
4.104454e+00 2.658200e+07
4.286237e+00 2.658525e+07
4.573482e+00 1.902690e+07
4.963266e+00 1.708844e+07
5.126771e+00 2.028521e+07
5.419687e+00 1.853588e+07
5.814013e+00 1.368304e+07
6.104977e+00 1.541608e+07
6.448117e+00 1.509618e+07
6.905017e+00 1.318525e+07
7.304621e+00 1.500579e+07
7.743489e+00 1.225399e+07
8.190380e+00 1.208763e+07
8.659590e+00 1.142014e+07
9.206513e+00 1.119151e+07
9.722038e+00 1.106169e+07
1.025834e+01 9.797424e+06
1.090180e+01 9.390992e+06
1.155291e+01 8.027460e+06
1.225909e+01 7.946639e+06
1.295750e+01 7.236716e+06
1.370758e+01 6.309510e+06
1.452402e+01 6.255384e+06
1.542321e+01 5.597191e+06
1.635284e+01 4.797917e+06
1.730052e+01 4.552876e+06
1.832401e+01 4.303035e+06
1.941712e+01 4.050541e+06
2.057012e+01 3.763887e+06
2.178534e+01 3.424972e+06
2.306572e+01 3.106242e+06
2.443756e+01 2.797565e+06
2.588827e+01 2.486609e+06
2.741993e+01 2.284816e+06
2.904346e+01 2.058912e+06
3.075187e+01 1.882868e+06
3.257590e+01 1.688689e+06
3.450962e+01 1.557281e+06
3.654622e+01 1.411280e+06
3.870262e+01 1.277582e+06
4.100129e+01 1.177668e+06
4.344331e+01 1.074655e+06
4.601546e+01 9.924360e+05
4.873336e+01 9.266201e+05
5.158044e+01 8.373478e+05
5.463778e+01 7.513419e+05
5.787044e+01 6.697521e+05
6.127630e+01 6.152922e+05
6.487592e+01 5.801970e+05
6.863809e+01 5.247564e+05
7.262408e+01 4.810559e+05
7.685413e+01 4.592051e+05
8.112302e+01 4.247674e+05
8.478539e+01 4.798609e+05
