0 9.313226e-08
1 2.529905e+07
2 2.393698e+07
3 2.509418e+07
4 2.189254e+07
5 1.692262e+07
6 1.457180e+07
7 1.322064e+07
8 1.169518e+07
9 1.071402e+07
10 9.536805e+06
11 7.915911e+06
12 7.548670e+06
13 6.558272e+06
14 6.068242e+06
15 5.419005e+06
16 4.752908e+06
17 4.575961e+06
18 4.314616e+06
19 4.048753e+06
20 3.794392e+06
21 3.531392e+06
22 3.365413e+06
23 3.122575e+06
24 2.922498e+06
25 2.733736e+06
26 2.540182e+06
27 2.473663e+06
28 2.339336e+06
29 2.184342e+06
30 2.119529e+06
31 1.983647e+06
32 1.911234e+06
33 1.829157e+06
34 1.762278e+06
35 1.714196e+06
36 1.616246e+06
37 1.530625e+06
38 1.466956e+06
39 1.420309e+06
40 1.383501e+06
41 1.337712e+06
42 1.291401e+06
43 1.258359e+06
44 1.215817e+06
45 1.168583e+06
46 1.144251e+06
47 1.124961e+06
48 1.100446e+06
49 1.068898e+06
50 1.061747e+06
51 9.518731e+05
52 9.127859e+05
53 8.787009e+05
54 8.533174e+05
55 8.151988e+05
56 7.924891e+05
57 7.793769e+05
58 7.508722e+05
59 7.427376e+05
60 7.428865e+05
61 7.387111e+05
62 7.323292e+05
63 7.275479e+05
64 6.964199e+05
65 6.953094e+05
66 7.099056e+05
67 7.114085e+05
68 6.906595e+05
69 6.852760e+05
70 6.795287e+05
71 6.767866e+05
72 6.514508e+05
73 6.572616e+05
74 6.404841e+05
75 6.448537e+05
76 6.599478e+05
77 6.689071e+05
78 6.316941e+05
79 6.700174e+05
80 6.384417e+05
81 7.539885e+05
82 7.143899e+05
83 6.957407e+05
84 6.812796e+05
85 6.166838e+05
86 2.389782e+05
