1 9.040693e+08
1.414213e+00 1.879971e+09
1.732051e+00 2.099207e+09
2.000000e+00 5.386080e+08
2.236068e+00 1.578103e+09
2.449490e+00 1.909613e+09
2.828427e+00 1.649984e+09
3.000000e+00 1.445872e+09
3.162277e+00 1.791259e+09
3.353494e+00 1.273027e+09
3.687215e+00 1.759107e+09
4.000000e+00 5.077807e+08
4.172913e+00 1.916497e+09
4.496978e+00 1.233485e+09
4.794697e+00 1.026190e+09
5.092200e+00 1.309461e+09
5.419687e+00 1.191949e+09
5.814013e+00 8.823974e+08
6.146309e+00 9.936095e+08
6.572514e+00 9.483311e+08
7.131057e+00 9.056434e+08
7.512809e+00 9.094609e+08
8.068910e+00 7.546870e+08
8.631231e+00 7.609784e+08
9.251253e+00 7.526528e+08
9.884913e+00 6.710647e+08
1.051682e+01 6.395792e+08
1.126422e+01 5.531730e+08
1.204493e+01 5.342215e+08
1.284878e+01 4.902599e+08
1.369297e+01 4.251152e+08
1.461266e+01 4.124752e+08
1.562104e+01 3.624788e+08
1.670922e+01 3.195366e+08
1.785207e+01 3.064495e+08
1.905641e+01 2.853409e+08
2.037315e+01 2.650344e+08
2.176856e+01 2.419017e+08
2.324707e+01 2.168767e+08
2.484546e+01 1.955447e+08
2.656106e+01 1.727511e+08
2.839475e+01 1.585888e+08
3.033801e+01 1.437394e+08
3.240276e+01 1.301133e+08
3.462811e+01 1.184996e+08
3.699960e+01 1.069855e+08
3.952856e+01 9.671206e+07
4.223378e+01 8.730089e+07
4.512903e+01 7.889924e+07
4.821963e+01 7.177902e+07
5.152237e+01 6.451494e+07
5.504503e+01 5.919302e+07
5.881351e+01 5.338802e+07
6.283798e+01 4.891294e+07
6.712811e+01 4.485755e+07
7.173038e+01 4.095457e+07
7.664122e+01 3.774869e+07
8.189671e+01 3.506050e+07
8.751759e+01 3.246137e+07
9.349578e+01 3.057252e+07
9.984184e+01 2.852995e+07
1.065910e+02 2.538055e+07
1.138966e+02 2.300277e+07
1.216406e+02 2.142689e+07
1.298526e+02 2.027907e+07
1.384466e+02 1.907218e+07
1.477750e+02 1.770497e+07
1.574050e+02 1.715581e+07
1.662305e+02 1.679505e+07
