1 2.205547e+11
1.414213e+00 4.589788e+11
1.732051e+00 5.135770e+11
2.000000e+00 1.313809e+11
2.236068e+00 3.855811e+11
2.449490e+00 4.675649e+11
2.828427e+00 4.031675e+11
3.078680e+00 3.943857e+11
3.353494e+00 3.113270e+11
3.687215e+00 4.304701e+11
4.000000e+00 1.235232e+11
4.210111e+00 4.427381e+11
4.573482e+00 2.988420e+11
5.037653e+00 3.123345e+11
5.374981e+00 2.837129e+11
5.814013e+00 2.167101e+11
6.243792e+00 2.542991e+11
6.660710e+00 2.116881e+11
7.217091e+00 2.270691e+11
7.880484e+00 1.929117e+11
8.514158e+00 1.896693e+11
9.227566e+00 1.841734e+11
9.951516e+00 1.634638e+11
1.070374e+01 1.557693e+11
1.153451e+01 1.320346e+11
1.246090e+01 1.278725e+11
1.348966e+01 1.105899e+11
1.458958e+01 1.031244e+11
1.576691e+01 8.920378e+10
1.703307e+01 7.868053e+10
1.843382e+01 7.579243e+10
1.994902e+01 6.895052e+10
2.154861e+01 6.326163e+10
2.327978e+01 5.607972e+10
2.516597e+01 4.956369e+10
2.718924e+01 4.477911e+10
2.938964e+01 4.018241e+10
3.177139e+01 3.605078e+10
3.434854e+01 3.278809e+10
3.713019e+01 2.955907e+10
4.010863e+01 2.670992e+10
4.334388e+01 2.414218e+10
4.684657e+01 2.172050e+10
5.063728e+01 1.975972e+10
5.472753e+01 1.799318e+10
5.914605e+01 1.624280e+10
6.392752e+01 1.502206e+10
6.909253e+01 1.359199e+10
7.467216e+01 1.242456e+10
8.071898e+01 1.133902e+10
8.722097e+01 1.035597e+10
9.427895e+01 9.446263e+09
1.018993e+02 8.660845e+09
1.101060e+02 7.875841e+09
1.189394e+02 7.152404e+09
1.287522e+02 6.488945e+09
1.395359e+02 5.861092e+09
1.497652e+02 5.281695e+09
1.613286e+02 4.732248e+09
1.752752e+02 4.230841e+09
1.910499e+02 3.771854e+09
1.993802e+02 3.359097e+09
2.220239e+02 3.004930e+09
2.503083e+02 2.705283e+09
2.562973e+02 2.406984e+09
2.643932e+02 2.075466e+09
2.845742e+02 1.814622e+09
3.296391e+02 1.610127e+09
3.487063e+02 1.417602e+09
3.790802e+02 1.233456e+09
4.052159e+02 1.133728e+09
4.294380e+02 1.056091e+09
